12576 3609
12576 3617
12576 3644
12576 3649
12576 3654
12576 3676
12576 3690
12576 3694
12576 3698
12576 3701
12576 3707
12576 3714
12576 3719
12576 3724
12576 3730
12576 3737
12576 3744
12576 3752
12576 3759
12576 3762
12576 3765
12576 3769
12576 3773
12576 3777
12576 3784
12576 3788
12576 3793
12576 3801
12576 3807
12576 3812
12576 3817
12576 3821
12576 3827
12576 3832
12576 3839
12576 3844
12576 3853
12576 3862
12576 3868
12576 3871
12576 3874
12576 3879
12576 3886
12576 3891
12576 3898
12576 3901
12576 3906
12576 3911
12576 3920
12576 3926
12576 3931
12576 3938
12576 3946
12576 3955
12576 3967
12576 3972
12576 3976
12576 3981
12576 3987
12576 3992
12576 3998
12576 4005
12576 4010
12576 4016
12576 4022
12576 4026
12576 4033
12576 4037
12576 4042
12576 4045
12576 4049
12576 4057
12576 4061
12576 4066
12576 4071
12576 4077
12576 4084
12576 4089
12576 4093
12576 4099
12576 4103
12576 4109
12576 4114
12576 4118
12576 4124
12576 4130
12576 4134
12576 4137
12576 4145
12576 4149
12576 4153
12576 4156
12576 4161
12576 4164
12576 4167
12576 4171
12576 4176
12576 4181
12576 4188
12576 4193
12576 4198
12576 4201
12576 4209
12576 4213
12576 4220
12576 4226
12576 4234
12576 4239
12576 4245
12576 4250
12576 4253
12576 4259
12576 4270
12576 4275
12576 4283
12576 4290
12576 4294
12576 4300
12576 4304
12576 4309
12576 4313
12576 4319
12576 4322
12576 4329
12576 4332
12576 4336
12576 4341
12576 4346
12576 4351
12576 4357
12576 4361
12576 4368
12576 4374
12576 4378
12576 4382
12576 4387
12576 4390
12576 4398
12576 4404
12576 4407
12576 4411
12576 4414
12576 4418
12576 4423
12576 4427
12576 4431
12576 4435
12576 4441
12576 4447
12576 4451
12576 4455
12576 4459
12576 4463
12576 4468
12576 4472
12576 4477
12576 4483
12576 4489
12576 4496
12576 4500
12576 4511
12576 4519
12576 4524
12576 4528
12576 4531
12576 4537
12576 4543
12576 4549
12576 4555
12576 4559
12576 4563
12576 4567
12576 4575
12576 4581
12576 4585
12576 4589
12576 4596
12576 4599
12576 4606
12576 4611
12576 4615
12576 4618
12576 4624
12576 4629
12576 4635
12576 4640
12576 4645
12576 4648
12576 4653
12576 4658
12576 4663
12576 4668
12576 4672
12576 4677
12576 4684
12576 4689
12576 4693
12576 4700
12576 4704
12576 4710
12576 4713
12576 4716
12576 4722
12576 4726
12576 4731
12576 4737
12576 4741
12576 4749
12576 4754
12576 4763
12576 4768
12576 4774
12576 4780
12576 4785
12576 4795
12576 4800
12576 4805
12576 4811
12576 4816
12576 4819
12576 4828
12576 4838
12576 4841
12576 4846
12576 4850
12576 4857
12576 4863
12576 4867
12576 4870
12576 4875
12576 4881
12576 4886
12576 4892
12576 4898
12576 4903
12576 4909
12576 4916
12576 4922
12576 4926
12576 4933
12576 4939
12576 4944
12576 4953
12576 4959
12576 4966
12576 4976
12576 4983
12576 4990
12576 4994
12576 5002
12576 5006
12576 5011
12576 5014
12576 5020
12576 5028
12576 5032
12576 5039
12576 5045
12576 5050
12576 5056
12576 5061
12576 5065
12576 5070
12576 5074
12576 5081
12576 5084
12576 5089
12576 5094
12576 5104
12576 5108
12576 5114
12576 5120
12576 5125
12576 5134
12576 5140
12576 5144
12576 5148
12576 5154
12576 5162
12576 5166
12576 5170
12576 5177
12576 5186
12576 5190
12576 5194
12576 5199
12576 5203
12576 5209
12576 5214
12576 5220
12576 5223
12576 5230
12576 5238
12576 5242
12576 5249
12576 5257
12576 5261
12576 5265
12576 5270
12576 5273
12576 5282
12576 5285
12576 5290
12576 5296
12576 5301
12576 5308
12576 5312
12576 5316
12576 5322
12576 5328
12576 5331
12576 5335
12576 5339
12576 5345
12576 5350
12576 5355
12576 5360
12576 5366
12576 5369
12576 5373
12576 5378
12576 5383
12576 5401
12576 5406
12576 5410
12576 5416
12576 5421
12576 5425
12576 5430
12576 5435
12576 5441
12576 5444
12576 5452
12576 5459
12576 5468
12576 5479
12576 5484
12576 5488
12576 5497
12576 5501
12576 5505
12576 5511
12576 5517
12576 5524
12576 5530
12576 5537
12576 5542
12576 5549
12576 5554
12576 5559
12576 5580
12576 5586
12576 5602
12576 5611
12576 5615
12576 5624
12576 5635
12576 5647
12576 5653
12576 5659
12576 5663
12576 5668
12576 5678
12576 5683
12576 5688
12576 5692
12576 5699
12576 5705
12576 5713
12576 5718
12576 5724
12576 5729
12576 5738
12576 5746
12576 5756
12576 5765
12576 5778
12576 5786
12576 5799
12576 5809
12576 5817
12576 5823
12576 5833
12576 5844
12576 5855
12576 5869
12576 5878
12576 5890
12576 5898
12576 5909
12576 5915
12576 5921
12576 5929
12576 5941
12576 5949
12576 5957
12576 5965
12576 5972
12576 5982
12576 5989
12576 5997
12576 6002
12576 6013
12576 6026
12576 6034
12576 6051
12576 6062
12576 6071
12576 6079
12576 6093
12576 6101
12576 6112
12576 6119
12576 6126
12576 6133
12576 6141
12576 6154
12576 6164
12576 6174
12576 6184
12576 6197
12576 6205
12576 6216
12576 6223
12576 6229
12576 6240
12576 6250
12576 6261
12576 6274
12576 6281
12576 6293
12576 6302
12576 6309
12576 6320
12576 6327
12576 6339
12576 6346
12576 6352
12576 6362
12576 6370
12576 6378
12576 6385
12576 6396
12576 6406
12576 6415
12576 6420
12576 6429
12576 6439
12576 6453
12576 6464
12576 6477
12576 6489
12576 6497
12576 6507
12576 6516
12576 6523
12576 6528
12576 6534
12576 6540
12576 6549
12576 6559
12576 6564
12576 6576
12576 6581
12576 6591
12576 6598
12576 6605
12576 6611
12576 6622
12576 6634
12576 6646
12576 6658
12576 6671
12576 6682
12576 6703
12576 6719
12576 6726
12576 6738
12576 6755
12576 6768
12576 6774
12576 6788
12576 6794
12576 6799
12576 6805
12576 6813
12576 6818
12576 6825
12576 6831
12576 6839
12576 6847
12576 6854
12576 6867
12576 6877
12576 6885
12576 6891
12576 6896
12576 6903
12576 6909
12576 6921
12576 6933
12576 6942
12576 6948
12576 6964
12576 6983
12576 6993
12576 6999
12576 7003
12576 7013
12576 7021
12576 7028
12576 7036
12576 7045
12576 7054
12576 7062
12576 7068
12576 7078
12576 7088
12576 7093
12576 7100
12576 7104
12576 7110
12576 7118
12576 7134
12576 7140
12576 7147
12576 7155
12576 7172
12576 7180
12576 7187
12576 7192
12576 7198
12576 7208
12576 7216
12576 7221
12576 7229
12576 7232
12576 7236
12576 7244
12576 7251
12576 7259
12576 7265
12576 7271
12576 7278
12576 7284
12576 7305
12576 7314
12576 7326
12576 7333
12576 7340
12576 7346
12576 7354
12576 7363
12576 7371
12576 7383
12576 7388
12576 7397
12576 7408
12576 7417
12576 7426
12576 7431
12576 7441
12576 7462
12576 7473
12576 7487
12576 7493
12576 7498
12576 7508
12576 7519
12576 7526
12576 7536
12576 7550
12576 7561
12576 7567
12576 7579
12576 7589
12576 7597
12576 7608
12576 7615
12576 7622
12576 7631
12576 7636
12576 7642
12576 7647
12576 7652
12576 7661
12576 7666
12576 7677
12576 7688
12576 7694
12576 7698
12576 7705
12576 7713
12576 7720
12576 7726
12576 7736
12576 7746
12576 7752
12576 7758
12576 7763
12576 7769
12576 7775
12576 7781
12576 7788
12576 7795
12576 7804
12576 7809
12576 7816
12576 7824
12576 7829
12576 7838
12576 7843
12576 7849
12576 7852
12576 7856
12576 7862
12576 7872
12576 7880
12576 7889
12576 7896
12576 7906
12576 7918
12576 7923
12576 7942
12576 7948
12576 7959
12576 7964
12576 7972
12576 7981
12576 7988
12576 8001
12576 8012
12576 8023
12576 8037
12576 8047
12576 8052
12576 8061
12576 8077
12576 8084
12576 8090
12576 8100
12576 8106
12576 8114
12576 8124
12576 8139
12576 8147
12576 8161
12576 8168
12576 8176
12576 8187
12576 8192
12576 8201
12576 8209
12576 8217
12576 8223
12576 8228
12576 8237
12576 8241
12576 8247
12576 8254
12576 8259
12576 8269
12576 8274
12576 8282
12576 8288
12576 8297
12576 8303
12576 8311
12576 8315
12576 8319
12576 8323
12576 8326
12576 8331
12576 8335
12576 8339
12576 8348
12576 8354
12576 8361
12576 8368
12576 8372
12576 8377
12576 8387
12576 8396
12576 8403
12576 8409
12576 8414
12576 8420
12576 8427
12576 8436
12576 8440
12576 8447
12576 8455
12576 8463
12576 8471
12576 8476
12576 8482
12576 8487
12576 8493
12576 8501
12576 8510
12576 8516
12576 8525
12576 8532
12576 8545
12576 8552
12576 8561
12576 8567
12576 8580
12576 8586
12576 8593
12576 8599
12576 8606
12576 8624
12576 8634
12576 8638
12576 8643
12576 8653
12576 8661
12576 8670
12576 8680
12576 8685
12576 8689
12576 8700
12576 8710
12576 8715
12576 8720
12576 8728
12576 8737
12576 8745
12576 8751
12576 8760
12576 8766
12576 8774
12576 8784
12576 8790
12576 8795
12576 8804
12576 8811
12576 8825
12576 8832
12576 8838
12576 8847
12576 8854
12576 8862
12576 8867
12576 8873
12576 8880
12576 8884
12576 8890
12576 8898
12576 8906
12576 8914
12576 8926
12576 8935
12576 8943
12576 8949
12576 8956
12576 8960
12576 8966
12576 8972
12576 8976
12576 8985
12576 8991
12576 8997
12576 9004
12576 9017
12576 9024
12576 9030
12576 9042
12576 9048
12576 9055
12576 9067
12576 9080
12576 9087
12576 9093
12576 9101
12576 9107
12576 9112
12576 9117
12576 9125
12576 9130
12576 9135
12576 9143
12576 9149
12576 9155
12576 9162
12576 9171
12576 9177
12576 9182
12576 9188
12576 9193
12576 9200
12576 9205
12576 9211
12576 9216
12576 9225
12576 9229
12576 9235
12576 9238
12576 9246
12576 9252
12576 9259
12576 9264
12576 9270
12576 9276
12576 9286
12576 9294
12576 9300
12576 9307
12576 9314
12576 9318
12576 9323
12576 9329
12576 9334
12576 9337
12576 9344
12576 9349
12576 9353
12576 9356
12576 9362
12576 9368
12576 9374
12576 9378
12576 9382
12576 9386
12576 9392
12576 9397
12576 9403
12576 9407
12576 9413
12576 9421
12576 9425
12576 9433
12576 9437
12576 9442
12576 9448
12576 9453
12576 9456
12576 9459
12576 9464
12576 9469
12576 9473
12576 9480
12576 9489
12576 9495
12576 9502
12576 9509
12576 9515
12576 9524
12576 9530
12576 9536
12576 9540
12576 9548
12576 9555
12576 9562
12576 9569
12576 9573
12576 9578
12576 9586
12576 9591
12576 9600
12576 9605
12576 9617
12576 9622
12576 9632
12576 9653
12576 9669
12576 9682
12576 9690
12576 9697
12576 9705
12576 9713
12576 9720
12576 9726
12576 9729
12576 9736
12576 9743
12576 9748
12576 9762
12576 9767
12576 9775
12576 9781
12576 9791
12576 9802
12576 9809
12576 9820
12576 9828
12576 9833
12576 9837
12576 9842
12576 9846
12576 9852
12576 9862
12576 9869
12576 9879
12576 9886
12576 9894
12576 9898
12576 9907
12576 9914
12576 9923
12576 9928
12576 9935
12576 9941
12576 9950
12576 9957
12576 9965
12576 9970
12576 9974
12576 9982
12576 9987
12576 9993
12576 10000
12576 10006
12576 10009
12576 10015
12576 10023
12576 10028
12576 10031
12576 10038
12576 10049
12576 10055
12576 10060
12576 10065
12576 10069
12576 10075
12576 10086
12576 10095
12576 10099
12576 10106
12576 10115
12576 10120
12576 10126
12576 10134
12576 10141
12576 10148
12576 10155
12576 10160
12576 10169
12576 10178
12576 10185
12576 10191
12576 10195
12576 10205
12576 10214
12576 10226
12576 10234
12576 10239
12576 10245
12576 10252
12576 10259
12576 10264
12576 10274
12576 10279
12576 10284
12576 10289
12576 10296
12576 10302
12576 10307
12576 10313
12576 10322
12576 10330
12576 10338
12576 10343
12576 10348
12576 10354
12576 10358
12576 10364
12576 10370
12576 10375
12576 10381
12576 10387
12576 10392
12576 10405
12576 10415
12576 10424
12576 10429
12576 10432
12576 10438
12576 10445
12576 10454
12576 10458
12576 10466
12576 10473
12576 10481
12576 10488
12576 10492
12576 10497
12576 10504
12576 10512
12576 10518
12576 10530
12576 10535
12576 10540
12576 10549
12576 10554
12576 10561
12576 10571
12576 10578
12576 10588
12576 10597
12576 10602
12576 10607
12576 10612
12576 10621
12576 10626
12576 10633
12576 10641
12576 10647
12576 10657
12576 10665
12576 10670
12576 10678
12576 10684
12576 10689
12576 10693
12576 10698
12576 10702
12576 10710
12576 10718
12576 10723
12576 10731
12576 10736
12576 10742
12576 10747
12576 10753
12576 10762
12576 10767
12576 10772
12576 10778
12576 10783
12576 10789
12576 10796
12576 10801
12576 10805
12576 10811
12576 10816
12576 10823
12576 10827
12576 10832
12576 10838
12576 10842
12576 10847
12576 10854
12576 10862
12576 10866
12576 10870
12576 10879
12576 10884
12576 10888
12576 10898
12576 10905
12576 10915
12576 10920
12576 10925
12576 10929
12576 10930
12576 10939
12576 10944
12576 10949
12576 10956
12576 10962
12576 10967
12576 10973
12576 10978
12576 10983
12576 10991
12576 10997
12576 11002
12576 11013
12576 11021
12576 11026
12576 11033
12576 11040
12576 11052
12576 11058
12576 11066
12576 11077
12576 11081
12576 11088
12576 11096
12576 11100
12576 11108
12576 11114
12576 11121
12576 11124
12576 11130
12576 11136
12576 11141
12576 11145
12576 11149
12576 11156
12576 11161
12576 11167
12576 11176
12576 11183
12576 11187
12576 11191
12576 11199
12576 11206
12576 11214
12576 11219
12576 11227
12576 11233
12576 11237
12576 11245
12576 11250
12576 11257
12576 11261
12576 11268
12576 11275
12576 11281
12576 11286
12576 11294
12576 11300
12576 11312
12576 11316
12576 11322
12576 11330
12576 11335
12576 11343
12576 11349
12576 11357
12576 11360
12576 11367
12576 11378
12576 11385
12576 11392
12576 11405
12576 11412
12576 11418
12576 11429
12576 11437
12576 11446
12576 11455
12576 11460
12576 11469
12576 11477
12576 11485
12576 11495
12576 11502
12576 11508
12576 11514
12576 11519
12576 11523
12576 11536
12576 11543
12576 11547
12576 11552
12576 11560
12576 11567
12576 11574
12576 11582
12576 11588
12576 11591
12576 11596
12576 11600
12576 11606
12576 11613
12576 11619
12576 11627
12576 11635
12576 11642
12576 11647
12576 11653
12576 11658
12576 11664
12576 11669
12576 11675
12576 11685
12576 11695
12576 11700
12576 11715
12576 11722
12576 11728
12576 11739
12576 11744
12576 11751
12576 11758
12576 11768
12576 11776
12576 11780
12576 11789
12576 11795
12576 11802
12576 11809
12576 11815
12576 11820
12576 11828
12576 11834
12576 11840
12576 11845
12576 11851
12576 11858
12576 11868
12576 11873
12576 11880
12576 11884
12576 11890
12576 11897
12576 11904
12576 11909
12576 11917
12576 11922
12576 11930
12576 11937
12576 11943
12576 11953
12576 11957
12576 11962
12576 11968
12576 11972
12576 11984
12576 11992
12576 11998
12576 12006
12576 12011
12576 12019
12576 12026
12576 12036
12576 12048
12576 12056
12576 12061
12576 12069
12576 12074
12576 12081
12576 12086
12576 12092
12576 12098
12576 12106
12576 12112
12576 12118
12576 12126
12576 12132
12576 12139
12576 12148
12576 12151
12576 12158
12576 12172
12576 12178
12576 12183
12576 12189
12576 12193
12576 12197
12576 12202
12576 12208
12576 12216
12576 12220
12576 12224
12576 12231
12576 12239
12576 12246
12576 12251
12576 12257
12576 12266
12576 12273
12576 12279
12576 12287
12576 12296
12576 12302
12576 12307
12576 12311
12576 12318
12576 12326
12576 12333
12576 12342
12576 12348
12576 12351
12576 12358
12576 12362
12576 12365
12576 12370
12576 12380
12576 12386
12576 12391
12576 12396
12576 12401
12576 12406
12576 12409
12576 12413
12576 12418
12576 12424
12576 12432
12576 12436
12576 12446
12576 12452
12576 12457
12576 12463
12576 12469
12576 12479
12576 12485
12576 12493
12576 12498
12576 12504
12576 12513
12576 12518
12576 12525
12576 12530
12576 12537
12576 12546
12576 12553
12576 12558
12576 12563
12576 12567
12576 12573
12576 12580
12576 12584
12576 12590
12576 12598
12576 12606
12576 12613
12576 12626
12576 12632
12576 12640
12576 12647
12576 12653
12576 12661
12576 12671
12576 12676
12576 12680
12576 12684
12576 12689
12576 12694
12576 12701
12576 12706
12576 12711
12576 12717
12576 12720
12576 12726
12576 12734
12576 12739
12576 12747
12576 12753
12576 12760
12576 12764
12576 12775
12576 12781
12576 12786
12576 12792
12576 12798
12576 12807
12576 12811
12576 12816
12576 12828
12576 12833
12576 12842
12576 12849
12576 12854
12576 12863
12576 12868
12576 12879
12576 12889
12576 12898
12576 12905
12576 12912
12576 12917
12576 12923
12576 12930
12576 12936
12576 12942
12576 12948
12576 12955
12576 12961
12576 12968
12576 12973
12576 12978
12576 12982
12576 12989
12576 12998
12576 13005
12576 13011
12576 13016
12576 13023
12576 13027
12576 13036
12576 13040
12576 13051
12576 13056
12576 13062
12576 13069
12576 13075
12576 13080
12576 13083
12576 13088
12576 13092
12576 13097
12576 13101
12576 13108
12576 13115
12576 13120
12576 13126
12576 13131
12576 13136
12576 13141
12576 13147
12576 13152
12576 13158
12576 13164
12576 13171
12576 13175
12576 13183
12576 13189
12576 13196
12576 13200
12576 13212
12576 13217
12576 13225
12576 13230
12576 13237
12576 13242
12576 13245
12576 13251
12576 13257
12576 13260
12576 13267
12576 13272
12576 13280
12576 13287
12576 13293
12576 13301
12576 13304
12576 13312
12576 13321
12576 13327
12576 13334
12576 13339
12576 13344
12576 13350
12576 13353
12576 13361
12576 13366
12576 13375
12576 13383
12576 13388
12576 13395
12576 13402
12576 13410
12576 13414
12576 13420
12576 13427
12576 13434
12576 13441
12576 13445
12576 13452
12576 13464
12576 13469
12576 13477
12576 13485
12576 13492
12576 13500
12576 13508
12576 13513
12576 13520
12576 13526
12576 13531
12576 13539
12576 13544
12576 13553
12576 13559
12576 13562
12576 13569
12576 13579
12576 13587
12576 13596
12576 13603
12576 13607
12576 13614
12576 13622
12576 13630
12576 13648
12576 13653
12576 13661
12576 13670
12576 13676
12576 13684
12576 13691
12576 13697
12576 13702
12576 13711
12576 13713
12576 13720
12576 13728
12576 13740
12576 13750
12576 13758
12576 13763
12576 13767
12576 13772
12576 13777
12576 13783
12576 13789
12576 13798
12576 13803
12576 13808
12576 13811
12576 13816
12576 13820
12576 13827
12576 13833
12576 13839
12576 13845
12576 13851
12576 13857
12576 13862
12576 13866
12576 13871
12576 13877
12576 13885
12576 13891
12576 13898
12576 13905
12576 13912
12576 13925
12576 13933
12576 13945
12576 13956
12576 13961
12576 13969
12576 13979
12576 13987
12576 13994
12576 14003
12576 14010
12576 14020
12576 14024
12576 14030
12576 14033
12576 14038
12576 14046
12576 14056
12576 14062
12576 14072
12576 14081
12576 14090
12576 14094
12576 14102
12576 14107
12576 14114
12576 14120
12576 14124
12576 14129
12576 14137
12576 14142
12576 14147
12576 14154
12576 14160
12576 14168
12576 14171
12576 14176
12576 14184
12576 14190
12576 14198
12576 14206
12576 14212
12576 14220
12576 14225
12576 14233
12576 14243
12576 14250
12576 14256
12576 14261
12576 14264
12576 14271
12576 14279
12576 14283
12576 14291
12576 14296
12576 14301
12576 14306
12576 14311
12576 14317
12576 14328
12576 14337
12576 14344
12576 14349
12576 14358
12576 14370
12576 14380
12576 14389
12576 14397
12576 14402
12576 14408
12576 14415
12576 14420
12576 14431
12576 14438
12576 14444
12576 14448
12576 14460
12576 14472
12576 14479
12576 14482
12576 14489
12576 14495
12576 14501
12576 14505
12576 14510
12576 14513
12576 14519
12576 14526
12576 14531
12576 14539
12576 14545
12576 14551
12576 14558
12576 14562
12576 14567
12576 14575
12576 14588
12576 14596
12576 14601
12576 14605
12576 14610
12576 14616
12576 14621
12576 14624
12576 14630
12576 14634
12576 14640
12576 14646
12576 14656
12576 14661
12576 14667
12576 14672
12576 14679
12576 14687
12576 14696
12576 14703
12576 14707
12576 14714
12576 14720
12576 14726
12576 14731
12576 14739
12576 14744
12576 14750
12576 14758
12576 14762
12576 14772
12576 14776
12576 14781
12576 14791
12576 14798
12576 14802
12576 14808
12576 14815
12576 14821
12576 14830
12576 14834
12576 14841
12576 14846
12576 14852
12576 14856
12576 14862
12576 14867
12576 14880
12576 14891
12576 14901
12576 14911
12576 14919
12576 14926
12576 14933
12576 14937
12576 14941
12576 14945
12576 14953
12576 14960
12576 14980
12576 14989
12576 14994
12576 14999
12576 15005
12576 15010
12576 15019
12576 15026
12576 15032
12576 15039
12576 15046
12576 15053
12576 15057
12576 15062
12576 15072
12576 15085
12576 15092
12576 15095
12576 15104
12576 15116
12576 15130
12576 15137
12576 15146
12576 15155
12576 15161
12576 15167
12576 15175
12576 15184
12576 15190
12576 15195
12576 15200
12576 15207
12576 15213
12576 15220
12576 15226
12576 15234
12576 15239
12576 15245
12576 15253
12576 15260
12576 15268
12576 15273
12576 15277
12576 15282
12576 15291
12576 15298
12576 15302
12576 15311
12576 15318
12576 15324
12576 15330
12576 15334
12576 15340
12576 15344
12576 15355
12576 15361
12576 15366
12576 15371
12576 15377
12576 15384
12576 15392
12576 15397
12576 15407
12576 15417
12576 15419
12576 15426
12576 15435
12576 15443
12576 15453
12576 15457
12576 15465
12576 15479
12576 15484
12576 15490
12576 15493
12576 15497
12576 15502
12576 15506
12576 15512
12576 15517
12576 15524
12576 15532
12576 15536
12576 15541
12576 15549
12576 15555
12576 15562
12576 15568
12576 15576
12576 15591
12576 15596
12576 15602
12576 15608
12576 15613
12576 15622
12576 15629
12576 15637
12576 15642
12576 15651
12576 15658
12576 15664
12576 15672
12576 15680
12576 15688
12576 15698
12576 15704
12576 15710
12576 15718
12576 15728
12576 15734
12576 15741
12576 15745
12576 15750
12576 15754
12576 15761
12576 15768
12576 15775
12576 15780
12576 15789
12576 15800
12576 15808
12576 15814
12576 15820
12576 15825
12576 15831
12576 15835
12576 15839
12576 15843
12576 15847
12576 15853
12576 15858
12576 15864
12576 15874
12576 15882
12576 15887
12576 15897
12576 15905
12576 15909
12576 15915
12576 15923
12576 15931
12576 15937
12576 15948
12576 15952
12576 15958
12576 15964
12576 15968
12576 15976
12576 15985
12576 15989
12576 15996
12576 15999
12576 16005
12576 16010
12576 16015
12576 16020
12576 16026
12576 16031
12576 16035
12576 16044
12576 16049
12576 16055
12576 16063
12576 16070
12576 16076
12576 16082
12576 16091
12576 16097
12576 16106
12576 16112
12576 16118
12576 16126
12576 16134
12576 16141
12576 16149
12576 16158
12576 16164
12576 16168
12576 16175
12576 16185
12576 16190
12576 16193
12576 16200
12576 16208
12576 16214
12576 16220
12576 16227
12576 16234
12576 16242
12576 16248
12576 16261
12576 16266
12576 16270
12576 16278
12576 16282
12576 16290
12576 16293
12576 16297
12576 16302
12576 16311
12576 16318
12576 16326
12576 16330
12576 16337
12576 16346
12576 16353
12576 16364
12576 16369
12576 16375
12576 16384
12576 16387
12576 16395
12576 16407
12576 16415
12576 16423
12576 16431
12576 16437
12576 16442
12576 16452
12576 16459
12576 16467
12576 16477
12576 16488
12576 16493
12576 16499
12576 16507
12576 16514
12576 16524
12576 16533
12576 16540
12576 16549
12576 16554
12576 16559
12576 16563
12576 16569
12576 16576
12576 16583
12576 16590
12576 16595
12576 16604
12576 16612
12576 16617
12576 16621
12576 16626
12576 16635
12576 16643
12576 16648
12576 16661
12576 16669
12576 16676
12576 16680
12576 16686
12576 16694
12576 16701
12576 16707
12576 16715
12576 16720
12576 16727
12576 16733
12576 16737
12576 16744
12576 16755
12576 16762
12576 16769
12576 16776
12576 16783
12576 16787
12576 16794
12576 16799
12576 16804
12576 16809
12576 16814
12576 16819
12576 16825
12576 16832
12576 16838
12576 16844
12576 16850
12576 16855
12576 16862
12576 16871
12576 16878
12576 16883
12576 16893
12576 16899
12576 16904
12576 16909
12576 16914
12576 16926
12576 16937
12576 16942
12576 16949
12576 16955
12576 16961
12576 16966
12576 16970
12576 16975
12576 16980
12576 16989
12576 16996
12576 17003
12576 17009
12576 17015
12576 17022
12576 17027
12576 17032
12576 17036
12576 17040
12576 17047
12576 17063
12576 17070
12576 17073
12576 17081
12576 17087
12576 17091
12576 17097
12576 17107
12576 17113
12576 17120
12576 17125
12576 17133
12576 17142
12576 17148
12576 17157
12576 17165
12576 17171
12576 17179
12576 17186
12576 17197
12576 17203
12576 17207
12576 17212
12576 17219
12576 17225
12576 17231
12576 17237
12576 17246
12576 17253
12576 17259
12576 17268
12576 17272
12576 17277
12576 17284
12576 17290
12576 17298
12576 17308
12576 17312
12576 17323
12576 17332
12576 17339
12576 17345
12576 17352
12576 17358
12576 17366
12576 17371
12576 17377
12576 17380
12576 17385
12576 17392
12576 17401
12576 17409
12576 17414
12576 17419
12576 17428
12576 17434
12576 17439
12576 17444
12576 17450
12576 17455
12576 17459
12576 17469
12576 17473
12576 17479
12576 17487
12576 17493
12576 17500
12576 17505
12576 17509
12576 17514
12576 17518
12576 17526
12576 17541
12576 17548
12576 17554
12576 17565
12576 17572
12576 17578
12576 17592
12576 17600
12576 17607
12576 17615
12576 17622
12576 17626
12576 17631
12576 17640
12576 17650
12576 17659
12576 17668
12576 17677
12576 17686
12576 17698
12576 17714
12576 17722
12576 17727
12576 17736
12576 17743
12576 17748
12576 17753
12576 17757
12576 17764
12576 17771
12576 17777
12576 17782
12576 17788
12576 17793
12576 17798
12576 17802
12576 17808
12576 17816
12576 17822
12576 17830
12576 17836
12576 17842
12576 17848
12576 17856
12576 17861
12576 17867
12576 17872
12576 17880
12576 17890
12576 17899
12576 17904
12576 17910
12576 17916
12576 17923
12576 17930
12576 17936
12576 17944
12576 17952
12576 17958
12576 17962
12576 17970
12576 17975
12576 17982
12576 17990
12576 17994
12576 17999
12576 18005
12576 18009
12576 18016
12576 18023
12576 18030
12576 18038
12576 18047
12576 18057
12576 18063
12576 18072
12576 18077
12576 18085
12576 18093
12576 18099
12576 18109
12576 18114
12576 18123
12576 18135
12576 18143
12576 18150
12576 18159
12576 18165
12576 18172
12576 18177
12576 18187
12576 18195
12576 18200
12576 18211
12576 18216
12576 18223
12576 18230
12576 18236
12576 18243
12576 18250
12576 18256
12576 18264
12576 18270
12576 18278
12576 18283
12576 18289
12576 18298
12576 18308
12576 18312
12576 18320
12576 18328
12576 18334
12576 18341
12576 18351
12576 18357
12576 18364
12576 18368
12576 18374
12576 18382
12576 18389
12576 18395
12576 18402
12576 18411
12576 18418
12576 18428
12576 18432
12576 18439
12576 18442
12576 18448
12576 18460
12576 18468
12576 18474
12576 18481
12576 18487
12576 18494
12576 18502
12576 18508
12576 18512
12576 18518
12576 18524
12576 18531
12576 18535
12576 18542
12576 18552
12576 18559
12576 18566
12576 18574
12576 18581
12576 18585
12576 18591
12576 18599
12576 18605
12576 18611
12576 18618
12576 18626
12576 18636
12576 18645
12576 18655
12576 18658
12576 18663
12576 18666
12576 18673
12576 18677
12576 18687
12576 18692
12576 18697
12576 18703
12576 18710
12576 18717
12576 18725
12576 18733
12576 18738
12576 18744
12576 18750
12576 18764
12576 18779
12576 18784
12576 18796
12576 18820
12576 18828
12576 18834
12576 18852
12576 18861
12576 18870
12576 18879
12576 18886
12576 18895
12576 18901
12576 18908
12576 18921
12576 18929
12576 18939
12576 18944
12576 18951
12576 18963
12576 18969
12576 18981
12576 18987
12576 19000
12576 19005
12576 19012
12576 19017
12576 19026
12576 19032
12576 19044
12576 19051
12576 19057
12576 19064
12576 19069
12576 19074
12576 19079
12576 19087
12576 19091
12576 19094
12576 19099
12576 19107
12576 19111
12576 19115
12576 19122
12576 19127
12576 19135
12576 19142
12576 19148
12576 19155
12576 19162
12576 19169
12576 19175
12576 19182
12576 19186
12576 19192
12576 19201
12576 19205
12576 19213
12576 19218
12576 19225
12576 19233
12576 19243
12576 19250
12576 19257
12576 19265
12576 19274
12576 19282
12576 19288
12576 19294
12576 19300
12576 19305
12576 19312
12576 19319
12576 19327
12576 19333
12576 19338
12576 19345
12576 19348
12576 19358
12576 19364
12576 19369
12576 19375
12576 19380
12576 19390
12576 19394
12576 19399
12576 19410
12576 19417
12576 19421
12576 19424
12576 19428
12576 19437
12576 19447
12576 19455
12576 19469
12576 19474
12576 19482
12576 19490
12576 19499
12576 19503
12576 19508
12576 19531
12576 19551
12576 19564
12576 19574
12576 19580
12576 19586
12576 19594
12576 19603
12576 19611
12576 19619
12576 19622
12576 19626
12576 19633
12576 19640
12576 19645
12576 19651
12576 19655
12576 19661
12576 19669
12576 19674
12576 19682
12576 19688
12576 19694
12576 19701
12576 19708
12576 19714
12576 19720
12576 19725
12576 19732
12576 19740
12576 19750
12576 19757
12576 19762
12576 19767
12576 19772
12576 19784
12576 19789
12576 19801
12576 19808
12576 19814
12576 19825
12576 19835
12576 19848
12576 19854
12576 19863
12576 19874
12576 19880
12576 19891
12576 19899
12576 19906
12576 19914
12576 19921
12576 19926
12576 19932
12576 19936
12576 19944
12576 19949
12576 19956
12576 19962
12576 19972
12576 19980
12576 19988
12576 19997
12576 20004
12576 20009
12576 20012
12576 20019
12576 20026
12576 20033
12576 20041
12576 20048
12576 20060
12576 20066
12576 20073
12576 20077
12576 20081
12576 20088
12576 20093
12576 20101
12576 20113
12576 20119
12576 20125
12576 20131
12576 20140
12576 20146
12576 20151
12576 20155
12576 20160
12576 20168
12576 20175
12576 20183
12576 20190
12576 20194
12576 20199
12576 20206
12576 20213
12576 20228
12576 20236
12576 20243
12576 20253
12576 20258
12576 20265
12576 20281
12576 20288
12576 20298
12576 20304
12576 20318
12576 20327
12576 20339
12576 20348
12576 20355
12576 20368
12576 20385
12576 20390
12576 20394
12576 20409
12576 20420
12576 20424
12576 20432
12576 20444
12576 20453
12576 20460
12576 20465
12576 20472
12576 20479
12576 20483
12576 20489
12576 20494
12576 20502
12576 20506
12576 20512
12576 20516
12576 20519
12576 20525
12576 20529
12576 20537
12576 20545
12576 20552
12576 20559
12576 20565
12576 20573
12576 20581
12576 20588
12576 20592
12576 20599
12576 20603
12576 20607
12576 20611
12576 20618
12576 20627
12576 20630
12576 20634
12576 20642
12576 20649
12576 20651
12576 20659
12576 20663
12576 20671
12576 20676
12576 20685
12576 20692
12576 20700
12576 20709
12576 20713
12576 20718
12576 20724
12576 20730
12576 20740
12576 20744
12576 20750
12576 20756
12576 20762
12576 20766
12576 20774
12576 20782
12576 20791
12576 20799
12576 20805
12576 20812
12576 20818
12576 20822
12576 20827
12576 20832
12576 20837
12576 20841
12576 20848
12576 20853
12576 20859
12576 20867
12576 20872
12576 20876
12576 20883
12576 20893
12576 20898
12576 20910
12576 20914
12576 20920
12576 20924
12576 20931
12576 20941
12576 20946
12576 20953
12576 20958
12576 20961
12576 20966
12576 20971
12576 20978
12576 20987
12576 20992
12576 20995
12576 21000
12576 21006
12576 21011
12576 21017
12576 21024
12576 21029
12576 21035
12576 21044
12576 21051
12576 21060
12576 21069
12576 21073
12576 21080
12576 21087
12576 21090
12576 21095
12576 21101
12576 21106
12576 21111
12576 21116
12576 21120
12576 21125
12576 21131
12576 21137
12576 21142
12576 21151
12576 21156
12576 21161
12576 21168
12576 21177
12576 21182
12576 21187
12576 21191
12576 21196
12576 21203
12576 21206
12576 21215
12576 21219
12576 21226
12576 21233
12576 21241
12576 21245
12576 21250
12576 21259
12576 21268
12576 21279
12576 21293
12576 21298
12576 21306
12576 21314
12576 21321
12576 21330
12576 21336
12576 21344
12576 21352
12576 21355
12576 21359
12576 21365
12576 21372
12576 21377
12576 21381
12576 21392
12576 21398
12576 21406
12576 21413
12576 21420
12576 21429
12576 21438
12576 21445
12576 21453
12576 21458
12576 21469
12576 21473
12576 21480
12576 21489
12576 21497
12576 21503
12576 21508
12576 21512
12576 21520
12576 21526
12576 21532
12576 21539
12576 21548
12576 21554
12576 21562
12576 21567
12576 21577
12576 21584
12576 21592
12576 21596
12576 21601
12576 21609
12576 21616
12576 21620
12576 21627
12576 21631
12576 21635
12576 21637
12576 21645
12576 21652
12576 21658
12576 21663
12576 21670
12576 21676
12576 21682
12576 21690
12576 21697
12576 21703
12576 21709
12576 21713
12576 21717
12576 21725
12576 21729
12576 21740
12576 21747
12576 21752
12576 21759
12576 21762
12576 21766
12576 21770
12576 21774
12576 21784
12576 21796
12576 21806
12576 21816
12576 21820
12576 21826
12576 21832
12576 21836
12576 21843
12576 21847
12576 21851
12576 21855
12576 21864
12576 21871
12576 21876
12576 21888
12576 21895
12576 21906
12576 21914
12576 21919
12576 21927
12576 21933
12576 21942
12576 21950
12576 21955
12576 21960
12576 21965
12576 21971
12576 21975
12576 21981
12576 21988
12576 21995
12576 22004
12576 22011
12576 22017
12576 22028
12576 22036
12576 22044
12576 22057
12576 22063
12576 22071
12576 22079
12576 22087
12576 22095
12576 22100
12576 22108
12576 22117
12576 22124
12576 22131
12576 22135
12576 22139
12576 22145
12576 22150
12576 22157
12576 22162
12576 22167
12576 22173
12576 22182
12576 22187
12576 22191
12576 22201
12576 22209
12576 22216
12576 22223
12576 22227
12576 22238
12576 22251
12576 22257
12576 22266
12576 22275
12576 22282
12576 22287
12576 22293
12576 22299
12576 22307
12576 22312
12576 22317
12576 22321
12576 22327
12576 22331
12576 22345
12576 22350
12576 22358
12576 22368
12576 22375
12576 22381
12576 22385
12576 22391
12576 22396
12576 22402
12576 22407
12576 22415
12576 22420
12576 22426
12576 22433
12576 22441
12576 22447
12576 22451
12576 22459
12576 22467
12576 22473
12576 22478
12576 22482
12576 22487
12576 22491
12576 22497
12576 22505
12576 22511
12576 22518
12576 22523
12576 22531
12576 22538
12576 22548
12576 22554
12576 22561
12576 22573
12576 22581
12576 22589
12576 22595
12576 22603
12576 22609
12576 22615
12576 22630
12576 22638
12576 22646
12576 22657
12576 22679
12576 22691
12576 22699
12576 22705
12576 22711
12576 22716
12576 22721
12576 22728
12576 22733
12576 22738
12576 22744
12576 22750
12576 22757
12576 22760
12576 22764
12576 22773
12576 22777
12576 22780
12576 22788
12576 22792
12576 22798
12576 22803
12576 22808
12576 22817
12576 22824
12576 22829
12576 22834
12576 22839
12576 22845
12576 22851
12576 22856
12576 22862
12576 22869
12576 22873
12576 22879
12576 22885
12576 22889
12576 22893
12576 22901
12576 22908
12576 22916
12576 22921
12576 22928
12576 22935
12576 22943
12576 22947
12576 22956
12576 22962
12576 22966
12576 22975
12576 22982
12576 22985
12576 22991
12576 22996
12576 23003
12576 23009
12576 23019
12576 23023
12576 23031
12576 23043
12576 23048
12576 23054
12576 23061
12576 23065
12576 23072
12576 23078
12576 23083
12576 23087
12576 23095
12576 23102
12576 23109
12576 23116
12576 23120
12576 23128
12576 23136
12576 23141
12576 23150
12576 23153
12576 23158
12576 23166
12576 23171
12576 23183
12576 23189
12576 23198
12576 23204
12576 23215
12576 23224
12576 23228
12576 23232
12576 23241
12576 23249
12576 23257
12576 23264
12576 23268
12576 23274
12576 23280
12576 23287
12576 23293
12576 23303
12576 23307
12576 23311
12576 23318
12576 23325
12576 23330
12576 23336
12576 23343
12576 23349
12576 23356
12576 23359
12576 23363
12576 23370
12576 23379
12576 23385
12576 23393
12576 23400
12576 23407
12576 23414
12576 23422
12576 23429
12576 23434
12576 23441
12576 23449
12576 23454
12576 23463
12576 23468
12576 23473
12576 23480
12576 23486
12576 23494
12576 23503
12576 23509
12576 23516
12576 23521
12576 23527
12576 23532
12576 23539
12576 23547
12576 23560
12576 23567
12576 23578
12576 23583
12576 23592
12576 23598
12576 23604
12576 23612
12576 23618
12576 23624
12576 23631
12576 23638
12576 23644
12576 23648
12576 23653
12576 23660
12576 23665
12576 23670
12576 23676
12576 23681
12576 23686
12576 23690
12576 23700
12576 23707
12576 23710
12576 23718
12576 23721
12576 23729
12576 23735
12576 23740
12576 23745
12576 23751
12576 23758
12576 23765
12576 23771
12576 23777
12576 23785
12576 23790
12576 23795
12576 23800
12576 23804
12576 23809
12576 23813
12576 23822
12576 23830
12576 23837
12576 23843
12576 23851
12576 23856
12576 23862
12576 23867
12576 23875
12576 23885
12576 23890
12576 23896
12576 23904
12576 23909
12576 23915
12576 23920
12576 23924
12576 23931
12576 23936
12576 23944
12576 23956
12576 23961
12576 23966
12576 23974
12576 23987
12576 24005
12576 24014
12576 24032
12576 24037
12576 24048
12576 24054
12576 24060
12576 24073
12576 24086
12576 24090
12576 24094
12576 24101
12576 24109
12576 24113
12576 24119
12576 24125
12576 24130
12576 24136
12576 24142
12576 24146
12576 24152
12576 24159
12576 24165
12576 24173
12576 24179
12576 24185
12576 24189
12576 24192
12576 24201
12576 24209
12576 24216
12576 24223
12576 24232
12576 24238
12576 24245
12576 24253
12576 24258
12576 24264
12576 24271
12576 24276
12576 24284
12576 24292
12576 24298
12576 24305
12576 24311
12576 24316
12576 24320
12576 24328
12576 24337
12576 24343
12576 24351
12576 24356
12576 24363
12576 24370
12576 24375
12576 24381
12576 24387
12576 24394
12576 24398
12576 24404
12576 24410
12576 24418
12576 24421
12576 24428
12576 24434
12576 24441
12576 24449
12576 24455
12576 24465
12576 24472
12576 24478
12576 24490
12576 24497
12576 24500
12576 24506
12576 24514
12576 24520
12576 24528
12576 24542
12576 24550
12576 24556
12576 24561
12576 24567
12576 24573
12576 24580
12576 24586
12576 24597
12576 24601
12576 24606
12576 24613
12576 24620
12576 24625
12576 24631
12576 24637
12576 24645
12576 24649
12576 24657
12576 24664
12576 24672
12576 24678
12576 24683
12576 24688
12576 24695
12576 24699
12576 24710
12576 24716
12576 24719
12576 24723
12576 24732
12576 24739
12576 24744
12576 24749
12576 24756
12576 24763
12576 24768
12576 24776
12576 24782
12576 24788
12576 24792
12576 24796
12576 24806
12576 24813
12576 24819
12576 24823
12576 24830
12576 24835
12576 24841
12576 24847
12576 24857
12576 24865
12576 24869
12576 24876
12576 24881
12576 24889
12576 24898
12576 24901
12576 24906
12576 24914
12576 24917
12576 24920
12576 24929
12576 24937
12576 24943
12576 24951
12576 24959
12576 24969
12576 24983
12576 24990
12576 24993
12576 24998
12576 25005
12576 25013
12576 25023
12576 25030
12576 25035
12576 25042
12576 25051
12576 25062
12576 25080
12576 25089
12576 25095
12576 25100
12576 25118
12576 25134
12576 25140
12576 25147
12576 25160
12576 25169
12576 25179
12576 25188
12576 25197
12576 25208
12576 25214
12576 25221
12576 25231
12576 25238
12576 25246
12576 25251
12576 25268
12576 25274
12576 25280
12576 25289
12576 25295
12576 25299
12576 25303
12576 25312
12576 25319
12576 25324
12576 25331
12576 25336
12576 25342
12576 25346
12576 25356
12576 25360
12576 25367
12576 25371
12576 25376
12576 25389
12576 25396
12576 25402
12576 25410
12576 25415
12576 25424
12576 25430
12576 25436
12576 25441
12576 25448
12576 25457
12576 25467
12576 25476
12576 25480
12576 25484
12576 25488
12576 25495
12576 25499
12576 25511
12576 25520
12576 25530
12576 25540
12576 25548
12576 25557
12576 25565
12576 25570
12576 25579
12576 25586
12576 25591
12576 25596
12576 25603
12576 25608
12576 25615
12576 25621
12576 25627
12576 25630
12576 25634
12576 25641
12576 25646
12576 25651
12576 25658
12576 25663
12576 25674
12576 25682
12576 25688
12576 25698
12576 25702
12576 25707
12576 25713
12576 25722
12576 25726
12576 25733
12576 25740
12576 25746
12576 25752
12576 25757
12576 25762
12576 25770
12576 25776
12576 25781
12576 25785
12576 25790
12576 25794
12576 25799
12576 25808
12576 25811
12576 25822
12576 25828
12576 25837
12576 25844
12576 25847
12576 25851
12576 25858
12576 25865
12576 25870
12576 25876
12576 25883
12576 25889
12576 25893
12576 25902
12576 25906
12576 25911
12576 25915
12576 25922
12576 25926
12576 25931
12576 25936
12576 25944
12576 25948
12576 25953
12576 25959
12576 25967
12576 25974
12576 25977
12576 25983
12576 25993
12576 25998
12576 26002
12576 26007
12576 26013
12576 26016
12576 26024
12576 26035
12576 26044
12576 26055
12576 26063
12576 26072
12576 26079
12576 26085
12576 26089
12576 26093
12576 26100
12576 26106
12576 26112
12576 26115
12576 26119
12576 26125
12576 26137
12576 26142
12576 26150
12576 26158
12576 26161
12576 26168
12576 26174
12576 26179
12576 26188
12576 26193
12576 26201
12576 26209
12576 26217
12576 26224
12576 26229
12576 26236
12576 26240
12576 26245
12576 26249
12576 26258
12576 26267
12576 26274
12576 26280
12576 26286
12576 26295
12576 26305
12576 26310
12576 26317
12576 26325
12576 26332
12576 26338
12576 26343
12576 26347
12576 26354
12576 26359
12576 26363
12576 26369
12576 26376
12576 26381
12576 26385
12576 26389
12576 26395
12576 26405
12576 26414
12576 26421
12576 26429
12576 26436
12576 26442
12576 26448
12576 26455
12576 26462
12576 26470
12576 26477
12576 26486
12576 26494
12576 26497
12576 26503
12576 26508
12576 26515
12576 26521
12576 26529
12576 26536
12576 26541
12576 26547
12576 26554
12576 26562
12576 26571
12576 26577
12576 26584
12576 26589
12576 26597
12576 26604
12576 26610
12576 26615
12576 26630
12576 26639
12576 26643
12576 26650
12576 26660
12576 26666
12576 26678
12576 26687
12576 26697
12576 26712
12576 26718
12576 26724
12576 26734
12576 26742
12576 26756
12576 26783
12576 26792
12576 26799
12576 26806
12576 26809
12576 26817
12576 26821
12576 26827
12576 26836
12576 26840
12576 26850
12576 26858
12576 26866
12576 26872
12576 26880
12576 26889
12576 26901
12576 26908
12576 26914
12576 26922
12576 26930
12576 26948
12576 26955
12576 26961
12576 26964
12576 26969
12576 26977
12576 26980
12576 26988
12576 26997
12576 27001
12576 27011
12576 27016
12576 27025
12576 27032
12576 27041
12576 27050
12576 27054
12576 27062
12576 27067
12576 27077
12576 27084
12576 27089
12576 27092
12576 27100
12576 27106
12576 27113
12576 27119
12576 27126
12576 27136
12576 27144
12576 27150
12576 27156
12576 27163
12576 27173
12576 27176
12576 27181
12576 27190
12576 27198
12576 27206
12576 27209
12576 27212
12576 27216
12576 27222
12576 27228
12576 27233
12576 27238
12576 27243
12576 27248
12576 27252
12576 27259
12576 27270
12576 27274
12576 27278
12576 27286
12576 27293
12576 27298
12576 27306
12576 27313
12576 27320
12576 27327
12576 27334
12576 27342
12576 27354
12576 27362
12576 27370
12576 27378
12576 27387
12576 27395
12576 27404
12576 27411
12576 27417
12576 27425
12576 27429
12576 27440
12576 27445
12576 27451
12576 27458
12576 27466
12576 27474
12576 27481
12576 27491
12576 27500
12576 27511
12576 27520
12576 27527
12576 27540
12576 27552
12576 27562
12576 27569
12576 27584
12576 27590
12576 27596
12576 27606
12576 27612
12576 27619
12576 27627
12576 27631
12576 27638
12576 27643
12576 27647
12576 27653
12576 27661
12576 27667
12576 27674
12576 27680
12576 27683
12576 27689
12576 27695
12576 27704
12576 27711
12576 27718
12576 27723
12576 27727
12576 27737
12576 27741
12576 27749
12576 27755
12576 27764
12576 27770
12576 27778
12576 27785
12576 27792
12576 27797
12576 27808
12576 27818
12576 27827
12576 27834
12576 27843
12576 27852
12576 27859
12576 27868
12576 27875
12576 27880
12576 27886
12576 27893
12576 27898
12576 27906
12576 27913
12576 27921
12576 27925
12576 27929
12576 27934
12576 27938
12576 27944
12576 27952
12576 27959
12576 27967
12576 27973
12576 27977
12576 27980
12576 27987
12576 27996
12576 28004
12576 28011
12576 28017
12576 28023
12576 28034
12576 28041
12576 28046
12576 28057
12576 28067
12576 28071
12576 28076
12576 28081
12576 28087
12576 28093
12576 28100
12576 28106
12576 28116
12576 28123
12576 28127
12576 28136
12576 28141
12576 28145
12576 28148
12576 28154
12576 28161
12576 28169
12576 28174
12576 28182
12576 28187
12576 28191
12576 28197
12576 28203
12576 28207
12576 28216
12576 28224
12576 28231
12576 28239
12576 28244
12576 28251
12576 28258
12576 28266
12576 28274
12576 28281
12576 28288
12576 28295
12576 28299
12576 28305
12576 28310
12576 28316
12576 28323
12576 28331
12576 28337
12576 28349
12576 28356
12576 28360
12576 28367
12576 28371
12576 28376
12576 28383
12576 28388
12576 28394
12576 28399
12576 28403
12576 28409
12576 28414
12576 28419
12576 28428
12576 28433
12576 28439
12576 28447
12576 28454
12576 28458
12576 28461
12576 28469
12576 28476
12576 28482
12576 28486
12576 28498
12576 28506
12576 28514
12576 28521
12576 28526
12576 28532
12576 28540
12576 28548
12576 28557
12576 28564
12576 28568
12576 28574
12576 28579
12576 28586
12576 28592
12576 28596
12576 28600
12576 28604
12576 28608
12576 28613
12576 28617
12576 28622
12576 28626
12576 28633
12576 28641
12576 28647
12576 28655
12576 28660
12576 28666
12576 28671
12576 28675
12576 28682
12576 28688
12576 28694
12576 28706
12576 28712
12576 28715
12576 28721
12576 28730
12576 28739
12576 28748
12576 28752
12576 28762
12576 28772
12576 28777
12576 28781
12576 28788
12576 28794
12576 28806
12576 28817
12576 28823
12576 28828
12576 28836
12576 28844
12576 28849
12576 28854
12576 28857
12576 28870
12576 28876
12576 28885
12576 28896
12576 28902
12576 28907
12576 28914
12576 28918
12576 28925
12576 28932
12576 28939
12576 28944
12576 28949
12576 28955
12576 28961
12576 28969
12576 28971
12576 28980
12576 28986
12576 28993
12576 29001
12576 29009
12576 29015
12576 29019
12576 29029
12576 29036
12576 29048
12576 29054
12576 29061
12576 29070
12576 29079
12576 29086
12576 29093
12576 29096
12576 29100
12576 29107
12576 29112
12576 29116
12576 29121
12576 29126
12576 29132
12576 29140
12576 29147
12576 29153
12576 29160
12576 29167
12576 29170
12576 29179
12576 29185
12576 29192
12576 29197
12576 29201
12576 29207
12576 29213
12576 29219
12576 29226
12576 29233
12576 29238
12576 29247
12576 29253
12576 29259
12576 29265
12576 29274
12576 29281
12576 29287
12576 29291
12576 29295
12576 29304
12576 29318
12576 29327
12576 29334
12576 29344
12576 29351
12576 29356
12576 29366
12576 29371
12576 29375
12576 29379
12576 29386
12576 29391
12576 29397
12576 29403
12576 29414
12576 29418
12576 29428
12576 29436
12576 29441
12576 29449
12576 29465
12576 29470
12576 29477
12576 29483
12576 29491
12576 29501
12576 29507
12576 29513
12576 29520
12576 29527
12576 29534
12576 29540
12576 29545
12576 29552
12576 29557
12576 29563
12576 29571
12576 29582
12576 29589
12576 29593
12576 29599
12576 29603
12576 29609
12576 29614
12576 29620
12576 29627
12576 29635
12576 29640
12576 29648
12576 29654
12576 29661
12576 29669
12576 29672
12576 29679
12576 29686
12576 29694
12576 29700
12576 29705
12576 29712
12576 29716
12576 29724
12576 29732
12576 29736
12576 29744
12576 29753
12576 29758
12576 29769
12576 29773
12576 29778
12576 29785
12576 29794
12576 29802
12576 29811
12576 29820
12576 29827
12576 29838
12576 29843
12576 29852
12576 29861
12576 29869
12576 29876
12576 29882
12576 29886
12576 29893
12576 29896
12576 29907
12576 29915
12576 29925
12576 29932
12576 29938
12576 29942
12576 29948
12576 29954
12576 29959
12576 29967
12576 29973
12576 29979
12576 29984
12576 29990
12576 29998
12576 30004
12576 30009
12576 30016
12576 30025
12576 30029
12576 30033
12576 30042
12576 30047
12576 30053
12576 30059
12576 30065
12576 30076
12576 30080
12576 30089
12576 30094
12576 30100
12576 30105
12576 30112
12576 30121
12576 30131
12576 30138
12576 30142
12576 30147
12576 30155
12576 30160
12576 30167
12576 30177
12576 30185
12576 30192
12576 30196
12576 30205
12576 30210
12576 30215
12576 30219
12576 30225
12576 30231
12576 30239
12576 30248
12576 30253
12576 30260
12576 30268
12576 30279
12576 30283
12576 30288
12576 30297
12576 30303
12576 30310
12576 30315
12576 30320
12576 30324
12576 30336
12576 30342
12576 30348
12576 30352
12576 30355
12576 30360
12576 30366
12576 30372
12576 30379
12576 30387
12576 30394
12576 30406
12576 30412
12576 30416
12576 30422
12576 30430
12576 30436
12576 30444
12576 30452
12576 30456
12576 30471
12576 30478
12576 30484
12576 30491
12576 30495
12576 30500
12576 30507
12576 30513
12576 30518
12576 30522
12576 30530
12576 30534
12576 30541
12576 30548
12576 30554
12576 30559
12576 30569
12576 30577
12576 30586
12576 30593
12576 30600
12576 30608
12576 30617
12576 30624
12576 30628
12576 30634
12576 30641
12576 30647
12576 30657
12576 30660
12576 30664
12576 30667
12576 30674
12576 30682
12576 30688
12576 30693
12576 30705
12576 30712
12576 30715
12576 30728
12576 30734
12576 30742
12576 30746
12576 30753
12576 30761
12576 30770
12576 30774
12576 30777
12576 30781
12576 30787
12576 30798
12576 30805
12576 30814
12576 30822
12576 30829
12576 30837
12576 30844
12576 30849
12576 30852
12576 30863
12576 30870
12576 30879
12576 30885
12576 30890
12576 30896
12576 30901
12576 30908
12576 30916
12576 30923
12576 30932
12576 30937
12576 30943
12576 30950
12576 30958
12576 30963
12576 30970
12576 30979
12576 30987
12576 30995
12576 31002
12576 31008
12576 31017
12576 31024
12576 31032
12576 31039
12576 31044
12576 31053
12576 31058
12576 31066
12576 31073
12576 31082
12576 31089
12576 31097
12576 31103
12576 31112
12576 31118
12576 31129
12576 31137
12576 31142
12576 31150
12576 31157
12576 31161
12576 31165
12576 31174
12576 31180
12576 31187
12576 31192
12576 31195
12576 31202
12576 31212
12576 31216
12576 31225
12576 31229
12576 31237
12576 31245
12576 31251
12576 31257
12576 31264
12576 31274
12576 31277
12576 31283
12576 31288
12576 31293
12576 31298
12576 31303
12576 31309
12576 31316
12576 31322
12576 31330
12576 31333
12576 31339
12576 31343
12576 31347
12576 31352
12576 31359
12576 31365
12576 31368
12576 31376
12576 31383
12576 31389
12576 31398
12576 31401
12576 31407
12576 31416
12576 31425
12576 31430
12576 31435
12576 31441
12576 31448
12576 31454
12576 31464
12576 31469
12576 31477
12576 31485
12576 31493
12576 31501
12576 31510
12576 31523
12576 31529
12576 31535
12576 31543
12576 31551
12576 31557
12576 31564
12576 31570
12576 31579
12576 31587
12576 31593
12576 31600
12576 31608
12576 31617
12576 31622
12576 31630
12576 31641
12576 31652
12576 31662
12576 31667
12576 31677
12576 31683
12576 31692
12576 31702
12576 31709
12576 31716
12576 31724
12576 31728
12576 31734
12576 31739
12576 31746
12576 31752
12576 31759
12576 31765
12576 31771
12576 31776
12576 31781
12576 31787
12576 31794
12576 31801
12576 31807
12576 31811
12576 31822
12576 31829
12576 31836
12576 31845
12576 31854
12576 31860
12576 31867
12576 31872
12576 31878
12576 31883
12576 31887
12576 31893
12576 31904
12576 31908
12576 31916
12576 31925
12576 31928
12576 31931
12576 31941
12576 31946
12576 31952
12576 31962
12576 31970
12576 31981
12576 31987
12576 32003
12576 32013
12576 32019
12576 32029
12576 32036
12576 32043
12576 32048
12576 32052
12576 32060
12576 32066
12576 32070
12576 32075
12576 32084
12576 32093
12576 32097
12576 32104
12576 32108
12576 32113
12576 32118
12576 32125
12576 32132
12576 32140
12576 32144
12576 32150
12576 32161
12576 32172
12576 32177
12576 32185
12576 32191
12576 32201
12576 32208
12576 32218
12576 32227
12576 32234
12576 32244
12576 32251
12576 32257
12576 32266
12576 32277
12576 32285
12576 32289
12576 32296
12576 32301
12576 32309
12576 32313
12576 32320
12576 32327
12576 32330
12576 32335
12576 32343
12576 32347
12576 32352
12576 32357
12576 32361
12576 32365
12576 32368
12576 32373
12576 32380
12576 32387
12576 32393
12576 32397
12576 32400
12576 32409
12576 32414
12576 32418
12576 32426
12576 32435
12576 32444
12576 32448
12576 32452
12576 32459
12576 32465
12576 32469
12576 32475
12576 32481
12576 32491
12576 32498
12576 32504
12576 32509
12576 32515
12576 32521
12576 32527
12576 32534
12576 32540
12576 32546
12576 32555
12576 32564
12576 32568
12576 32572
12576 32579
12576 32586
12576 32591
12576 32597
12576 32603
12576 32609
12576 32616
12576 32621
12576 32628
12576 32634
12576 32640
12576 32647
12576 32656
12576 32661
12576 32666
12576 32672
12576 32687
12576 32689
12576 32695
12576 32699
12576 32703
12576 32710
12576 32716
12576 32723
12576 32732
12576 32737
12576 32751
12576 32758
12576 32770
12576 32778
12576 32789
12576 32802
12576 32812
12576 32818
12576 32828
12576 32835
12576 32841
12576 32849
12576 32854
12576 32861
12576 32868
12576 32871
12576 32878
12576 32884
12576 32890
12576 32894
12576 32900
12576 32907
12576 32912
12576 32918
12576 32926
12576 32932
12576 32938
12576 32941
12576 32949
12576 32953
12576 32958
12576 32966
12576 32972
12576 32980
12576 32983
12576 32988
12576 32993
12576 32997
12576 33004
12576 33010
12576 33017
12576 33023
12576 33028
12576 33035
12576 33038
12576 33043
12576 33047
12576 33053
12576 33065
12576 33071
12576 33079
12576 33093
12576 33099
12576 33106
12576 33121
12576 33128
12576 33134
12576 33142
12576 33156
12576 33161
12576 33171
12576 33177
12576 33187
12576 33198
12576 33207
12576 33217
12576 33226
12576 33237
12576 33248
12576 33254
12576 33261
12576 33266
12576 33273
12576 33279
12576 33288
12576 33294
12576 33301
12576 33307
12576 33318
12576 33325
12576 33332
12576 33339
12576 33348
12576 33354
12576 33361
12576 33367
12576 33372
12576 33378
12576 33383
12576 33388
12576 33396
12576 33403
12576 33412
12576 33420
12576 33431
12576 33440
12576 33451
12576 33459
12576 33466
12576 33474
12576 33484
12576 33489
12576 33497
12576 33504
12576 33509
12576 33513
12576 33519
12576 33529
12576 33534
12576 33540
12576 33544
12576 33549
12576 33556
12576 33561
12576 33567
12576 33573
12576 33578
12576 33585
12576 33593
12576 33597
12576 33602
12576 33610
12576 33616
12576 33621
12576 33628
12576 33633
12576 33639
12576 33642
12576 33648
12576 33652
12576 33657
12576 33666
12576 33675
12576 33683
12576 33692
12576 33697
12576 33702
12576 33708
12576 33714
12576 33723
12576 33740
12576 33745
12576 33764
12576 33787
12576 33794
12576 33806
12576 33821
12576 33831
12576 33847
12576 33856
12576 33863
12576 33867
12576 33886
12576 33898
12576 33909
12576 33922
12576 33934
12576 33945
12576 33959
12576 33966
12576 33994
12576 34001
12576 34068
12576 34073
12576 34109
12576 34114
12576 34120
12576 34171
12576 34201
12576 34227
12576 34237
12576 34250
12576 34255
12576 34277
12576 34285
12576 34304
12576 34313
12576 34329
12576 34367
12576 34373
12576 34376
12576 34379
12576 34383
12576 34390
12576 34395
12576 34410
12576 34416
12576 34422
12576 34428
12576 34433
12576 34437
12576 34447
12576 34456
12576 34473
12576 34485
12576 34492
12576 34495
12576 34498
12576 34509
12576 34514
12576 34520
12576 34528
12576 34534
12576 34540
12576 34550
12576 34556
12576 34567
12576 34573
12576 34579
12576 34597
12576 34604
12576 34611
12576 34626
12576 34632
12576 34636
12576 34647
12576 34658
12576 34666
12576 34696
12576 34719
12576 34724
12576 34736
12576 34744
12576 34750
12576 34764
12576 34781
12576 34818
12576 34856
12576 34864
12576 34951
12576 34973
12576 34995
12576 35026
12576 35036
12576 35062
